6008974689
6011170009
6011323070
6023203236
6026138870
6027266263
6036976608
6038528412
6049009909
6054141231
6062024072
6062024074
6062024115
6062024155
6062024180
6062744841
6063723634
6072024071
6072024074
6072024111
6072024112
6072024113
6072024114
6072024120
6072024130
6072024143
6072024180
6072907432
6072921360
6073111052
6081012284
6082024070
6082024071
6082024080
6082024104
6082024110
6082024115
6082024120
6082024121
6082024171
6082024175
6082720696
6083216094
6085975363
6088714148
6091964519
6092024071
6092024072
6092024073
6092024074
6092024075
6092024103
6092024105
6092024112
6092024114
6092024115
6092024173
6098867423
6102024112
6107131918
6110597471
6116223968
6124091021
6130931006
6137040766
6137063399
6137779527
6138011220
6138013399
6138013957
6140383828
6144222912
6146820791
6148567202
6152621671
6155135414
6155644013
6158458608
6162059790
6165656908
6166169314
6167265295
6169559602
6170574960
6182120494
6198303257
6202407065
6202407093
6202407260
6202407283
6202407295
6202407301
6202407331
6202407401
6202407463
6202407465
6202407472
6202407513
6202407522
6202408592
6202409351
6202409541
6202410580
6202411260
6202411274
6202411334
6202411351
6202411452
6202412075
6202412274
6202412341
6202412383
6202412393
6202412563
6202412590
6202414081
6202415523
6202417520
6202418013
6202418114
6202418250
6202936872
6204917517
6205671529
6207151103
6207730559
6216999854
6219919996
6220671079
6222892960
6224661354
6233494283
6240470197
6258995816
6266428142
6266925999
6267610633
6277204936
6278932753
6306648329
6350736111
6352188348
6354123593
6366620272
6372095259
6391239119
6391592966
6392960035
6393834367
6393834374
6395777837
6396362028
6398050300
6398270104
6404712971
6407212514
6407415595
6417869572
6419565743
6421082218
6421183610
6429379410
6429599400
6429707192
6441431392
6442784020
6449761459
6463052052
6465180948
6477957103
6477976798
6495494622
6512394005
6515717545
6517810647
6518604411
6554737977
6559796815
6560443176
6564444444
6566669399
6572911188
6578941429
6581040807
6606982846
6613201966
6622718612
6623542825
6624431828
6637560154
6655168913
6655537579
6656714367
6656714370
6666666665
6666666666
6669770296
6672004653
6674473251
6680549914
6681203761
6690631900
6692597712
6702699156
6707268683
6707335508
6717289338
6720115203
6720189491
6726406961
6726406962
6726406963
6726406971
6726406976
6726409975
6726411310
6726411399
6726415910
6727182945
6729427296
6758652154
6759358871
6760600804
6762669011
6770579775
6785610585
6788220325
6798739628
6803015720
6813218747
6815984476
6816665312
6816665340
6818130210
6823419255
6833644143
6837931070
6853450512
6903486118
6906511838
6918726519
6927880663
6949300620
6984198490
6990465689
6991821255
7013535627
7025089155
7026556690
7044575709
7048186296
7048542796
7054728623
7061144442
7062024072
7062024074
7062024075
7062024081
7062024111
7062024115
7062024123
7062024124
7062024134
7062024175
7062024180
7062024181
7064370619
7064546745
7065535031
7067255053
7072024071
7072024080
7072024103
7072024111
7072024112
7072024113
7072024162
7072024165
7081573032
7082024070
7082024072
7082024074
7082024111
7082024113
7082024173
7082024180
7082024181
7088520386
7089654696
7092024072
7092024073
7092024104
7092024113
7092024120
7092024122
7092024123
7092024124
7092024125
7092024175
7094011044
7101436648
7102024115
7102024125
7123559912
7125242656
7126712774
7126998264
7142340268
7154003499
7154708060
7159960895
7164140399
7164236131
7165362339
7168045614
7172335078
7172338271
7178199989
7187174684
7196274542
7198721756
7202407044
7202407093
7202407095
7202407103
7202407104
7202407141
7202407160
7202407193
7202407201
7202407241
7202407252
7202407261
7202407262
7202407274
7202407302
7202407314
7202407321
7202407342
7202407354
7202407393
7202407552
7202407561
7202407580
7202407582
7202407595
7202408001
7202408003
7202408042
7202408073
7202408131
7202408160
7202408245
7202408495
7202409140
7202409153
7202409573
7202410100
7202410212
7202410250
7202410305
7202410320
7202410360
7202410513
7202411011
7202411054
7202411064
7202411080
7202411130
7202411171
7202411212
7202411222
7202411223
7202411241
7202411253
7202411285
7202411372
7202411411
7202411413
7202411525
7202411543
7202411554
7202411584
7202411592
7202411593
7202412030
7202412100
7202412101
7202412114
7202412234
7202412401
7202412471
7202412530
7202412571
7202413011
7202413044
7202413060
7202413085
7202413463
7202413574
7202413590
7202414322
7202414342
7202414351
7202414403
7202415152
7202415495
7202415515
7202417082
7206595369
7211354597
7215421885
7229041320
7244514490
7245463556
7246139095
7247920323
7248040697
7252400766
7258324928
7264648258
7264906919
7265371188
7284141499
7290261195
7290376740
7299348729
7299809293
7310024633
7310771431
7312551155
7313517395
7326063662
7330304692
7347959475
7348450153
7348624600
7357723796
7370883375
7372348869
7372449732
7372957999
7373027197
7376946665
7378424159
7381451977
7382018045
7384410396
7390845107
7402176376
7402319762
7403881851
7404619556
7409484684
7411337060
7412922969
7433489428
7434444674
7438871080
7460159936
7462210899
7462212267
7462212933
7462232966
7462236912
7462238331
7462239121
7462239233
7462242307
7462247506
7462251040
7462262284
7462274023
7462292100
7462292907
7465496427
7472138218
7472138266
7472138397
7472139018
7472139040
7472177599
7476508218
7476509816
7476511397
7476512072
7476512273
7476520079
7476520251
7476522479
7476522962
7476523275
7476528406
7476528735
7476529919
7476530881
7476534756
7476540483
7476543675
7476546439
7476546854
7476548124
7476549044
7476549498
7476557810
7476557891
7476561505
7476563582
7476565507
7476566142
7476566465
7476566725
7476574671
7476577857
7476583971
7476585078
7476587112
7476587189
7476588798
7476590016
7476590793
7476591901
7476594898
7476595301
7476597027
7476597867
7476598458
7476598490
7476599568
7477315432
7480200507
7480202325
7480202403
7480203601
7480207040
7480207191
7480207196
7480210176
7480210643
7480210704
7480736725
7480738988
7480740601
7480741346
7480742292
7480749300
7480752343
7480762417
7480763197
7484162458
7490699926
7493963429
7512462936
7516250233
7518990927
7521302129
7525847697
7542261684
7542580419
7542947820
7543102301
7543205930
7551650994
7558215776
7559850987
7569138292
7576931359
7576932185
7576933129
7576933517
7576933741
7576934138
7576934842
7576935815
7576935984
7576936303
7576936550
7576937853
7576938207
7576938258
7576939492
7576940491
7576941282
7576941311
7576941498
7576941615
7576942330
7576943013
7576964836
7576964850
7576965617
7576967328
7576968559
7576969329
7576970632
7576971029
7576971314
7576971383
7576972074
7576972600
7576972603
7576973431
7576974182
7576974878
7576975565
7590969755
7592590579
7593932683
7599512664
7613566966
7622639130
7623629480
7623939398
7628335796
7646424755
7648898694
7652399487
7653563602
7654458598
7681064269
7690878206
7694747911
7700389121
7700389175
7700389176
7700389190
7700389198
7712588581
7712647850
7714436684
7721436213
7722224691
7723501163
7735074438
7735079125
7735082166
7736589777
7744841618
7746088879
7749832749
7752678155
7754471433
7755056093
7759880171
7769449427
7772499740
7781486461
7781486466
7781486467
7781486482
7781486483
7781486484
7781486489
7781486495
7781486496
7781486497
7782139129
7785715116
7787059373
7789103330
7810990632
7816155689
7822892721
7823584704
7823584724
7823584741
7823584790
7823584822
7823584862
7823584872
7823584908
7829806674
7829982668
7837843453
7848424897
7848425481
7848425600
7848425684
7848426414
7848426525
7848427301
7848427448
7849779685
7853403528
7855038322
7862688216
7869933255
7873375275
7873874368
7874683273
7876060301
7878229503
7879688040
7879688137
7882798026
7882798410
7885969904
7893185733
7893927223
7893927224
7893927225
7893927226
7893927227
7893927228
7893927229
7893927230
7893927231
7893927232
7893927233
7893927234
7893927235
7893927236
7893927237
7893927238
7893927239
7893927240
7893927241
7893927242
7893927243
7893927244
7893927245
7893927246
7893927247
7893927248
7893927249
7893927250
7893927251
7893927252
7893927253
7893927254
7893927255
7893927256
7893927257
7893927258
7893927259
7893927260
7893927261
7893927262
7893927263
7893927264
7893927265
7893927266
7893927267
7893927268
7893927269
7893927270
7893927271
7893927272
7898180548
7898191216
7898195724
7898378456
7910862380
7915843213
7915845381
7915894407
7915895677
7937121058
7942776513
7959998477
7969923390
7979136852
7979647215
7997280925
8007162167
8010817150
8020000973
8023684525
8028559746
8028559806
8033921666
8035442787
8036065901
8053692779
8062024071
8062024074
8062024112
8062024121
8062024162
8062309633
8069109188
8072024070
8072024075
8072024080
8072024083
8072024110
8072024112
8072024113
8072024115
8072024120
8072024151
8072024152
8072418572
8077873900
8079848160
8081739099
8082024070
8082024071
8082024072
8082024111
8082024112
8082024113
8082024114
8082024163
8082024174
8084792933
8086201980
8092024104
8092024110
8092024115
8092024174
8096624376
8102271043
8102544217
8112210320
8130232421
8133118018
8140346966
8145199705
8147779586
8148014748
8148308339
8149960355
8152212001
8154569047
8165865359
8180653200
8185631859
8186415897
8189750320
8202406410
8202406505
8202406533
8202406571
8202406593
8202407012
8202407020
8202407034
8202407080
8202407084
8202407103
8202407132
8202407141
8202407244
8202407325
8202407445
8202407493
8202407563
8202407595
8202408153
8202408175
8202408201
8202408234
8202408364
8202408385
8202409073
8202410124
8202410290
8202410441
8202410510
8202410540
8202411024
8202411035
8202411054
8202411060
8202411080
8202411103
8202411112
8202411134
8202411171
8202411203
8202411231
8202411234
8202411235
8202411254
8202411294
8202411295
8202411313
8202411324
8202411334
8202411401
8202411435
8202411483
8202411544
8202411553
8202411573
8202412023
8202412063
8202412074
8202412094
8202412132
8202412160
8202412194
8202412421
8202412530
8202413310
8202413481
8202414490
8202415090
8202416350
8202416371
8202416520
8202417251
8202417360
8202417384
8202417441
8202417524
8202417535
8202417584
8202418020
8202418504
8213197042
8252015636
8255006417
8260386830
8264777050
8265042738
8269658755
8270768256
8282768125
8302502045
8303135258
8303918886
8311665155
8312727226
8330576502
8332061519
8336499930
8382061452
8383839013
8384689685
8388297150
8393439781
8409855912
8412734415
8414828810
8423586845
8425384370
8431237741
8449369760
8452511181
8457399360
8457399362
8457399488
8457399514
8457399599
8457399727
8457399736
8457399798
8457399799
8457399847
8457399848
8457399849
8457399868
8457399869
8457399870
8457399871
8457399872
8457399873
8457399874
8457399875
8457399876
8457399877
8457399878
8457399879
8465914844
8465924925
8467591507
8479204790
8506954415
8517821794
8559734752
8563479251
8574758775
8577581901
8584500461
8588985208
8591518091
8591913235
8592564924
8595816871
8597675435
8606001881
8606079959
8611935135
8615606244
8616986475
8622354954
8622749992
8623356289
8634320058
8645484853
8645585118
8646908407
8650400832
8661158500
8664952917
8665700529
8665700565
8665708110
8665708111
8665714686
8665714760
8665714997
8665717970
8665717982
8665717983
8665717990
8665717992
8665717994
8665717996
8665717999
8665718018
8665718024
8665718044
8665718087
8665718095
8665718096
8665718097
8665718120
8665718126
8665718133
8665718139
8665718144
8665718168
8665718170
8665718178
8665718179
8665718182
8665718184
8665718185
8665718186
8665718188
8665718190
8665718193
8665718194
8665718772
8665719000
8665719050
8665719064
8665719084
8665719095
8665732414
8670100676
8673225837
8690265670
8691792769
8698407215
8703634058
8707436982
8707688998
8714097194
8718566922
8721812016
8722997249
8725733968
8735335407
8748315255
8750202691
8755457055
8756272319
8763122392
8765276315
8769720040
8781993899
8784330035
8791089126
8791163775
8792368401
8793162745
8803049180
8803158558
8824255239
8827821417
8832615332
8847994138
8857888544
8881702845
8884739926
8894093030
8924239048
8924784719
8946389060
8958005659
8960684888
8975974618
8984914514
8985117210
8987131744
8992527398
8997935526
9019064622
9021352183
9021495355
9026508319
9032848923
9033045741
9034882834
9037269090
9037898215
9057285482
9062024070
9062024071
9062024073
9062024083
9062024103
9062024111
9062024115
9062024131
9062511184
9064557943
9072024070
9072024071
9072024072
9072024080
9072024081
9072024082
9072024094
9072024104
9072024110
9072024111
9072024120
9072024123
9072024124
9072024170
9072024182
9082024070
9082024071
9082024080
9082024110
9082024113
9082024115
9082024122
9082024151
9082024170
9082024185
9084567324
9089368795
9090549509
9092024072
9092024080
9092024091
9092024112
9092024115
9092024181
9093333310
9100585841
9103789197
9115333719
9122107971
9125950082
9128421498
9141738331
9152102293
9152102297
9152102918
9155102836
9155103697
9155107713
9155112792
9157877466
9158919892
9159056156
9163850525
9167969168
9177178925
9177178926
9181222421
9188886571
9200730529
9202406561
9202406563
9202406573
9202407015
9202407031
9202407040
9202407051
9202407082
9202407105
9202407113
9202407194
9202407252
9202407272
9202407274
9202407311
9202407323
9202407355
9202407385
9202407390
9202407423
9202407435
9202407451
9202407473
9202407531
9202407592
9202408003
9202408031
9202408451
9202408473
9202409063
9202409182
9202409461
9202410354
9202410355
9202410390
9202410400
9202410483
9202410493
9202411185
9202411253
9202411304
9202411322
9202411394
9202411423
9202411431
9202411445
9202411481
9202411495
9202411550
9202411560
9202412015
9202412051
9202412053
9202412060
9202412090
9202412183
9202412194
9202412385
9202412394
9202413101
9202413451
9202415081
9202415210
9202415322
9202415541
9202416173
9202416275
9202416313
9202416391
9202416482
9202417102
9202417210
9202417353
9202417591
9202418082
9202418144
9202418592
9233286367
9246236975
9252474204
9256448264
9270289234
9282405739
9282609172
9282679320
9283547714
9293127188
9300946886
9307045577
9312635107
9344809988
9347806429
9348465823
9350335354
9350843761
9351131379
9351212827
9354981600
9362353086
9362568449
9373170888
9375955553
9378170088
9379982882
9381223211
9389545569
9391738418
9392348210
9392529150
9392919083
9392980127
9393150928
9393150979
9393428377
9394340170
9394441304
9394451369
9395930086
9397390374
9398390347
9398930340
9399928022
9404040944
9420132309
9422423563
9429599069
9433337816
9454227404
9454227517
9454870199
9492649628
9496210414
9517189378
9518677999
9543509957
9549330860
9566338189
9582509241
9593663309
9609409090
9621396215
9626774201
9627334664
9635867912
9642228023
9665669589
9675081141
9680644903
9681288373
9693757117
9696922065
9701051729
9701051861
9701051879
9701051890
9701051892
9701051894
9701051897
9701051899
9701058049
9701058708
9701058741
9701058743
9702961508
9705802550
9705802551
9705802552
9705802570
9705802571
9705802572
9705802573
9705802595
9705802596
9705802598
9705802630
9705802632
9705802633
9705802636
9705802639
9705802642
9705802644
9705802646
9705802650
9705802652
9705802655
9705802657
9705802658
9705802659
9705802680
9705802681
9705804626
9705804628
9705804629
9705804711
9705804721
9705804723
9705804922
9705829000
9710656932
9712085635
9712208836
9712363956
9737479013
9747423802
9764068261
9771588220
9776774598
9781241272
9782938922
9789540722
9792325089
9793044026
9803931576
9808596500
9820381898
9826430257
9834772333
9840498620
9844412507
9848206470
9855898828
9859968969
9875493491
9875567137
9876567890
9886623418
9887012855
9887012861
9888757417
9892598323
9920023234
9932307165
9940148152
9940671264
9949500059
9955771836
9973731916
9977234404
9991999912
9999334835
